Function A: ADD 375
Function B: MULTIPLY 83
Function C: RAISE TO THE POWER OF 3

2328
1770
3578
7748
9469
7601
1181
3911
7783
2606
6378
5155
5483
8365
5635
5900
6824
8388
3176
4379
2036
1734
4481
6479
1075
7024
3434
4240
2780
2860
4059
4335
9553
1438
4083
4574
8110
9119
1262
5728
2080
2268
6979
4534
4797
2290
6309
9182
8784
4305
8203
5359
7939
6464
8378
4405
8780
8011
6183
6472
8203
1447
8613
2977
2447
6427
9102
2584
2245
8285
6662
4052
7366
8365
8696
7875
7570
2343
3353
7931
5354
3372
2804
1757
9642
2338
7912
3519
1653
6099
1874
5837
3372
4390
4984
8968
7693
8748
9248
1038
9447