38C5C493 16
1010100011111100000110100111 2
169A0123 16
3969F207 16
111001001110011000001100011100 2
11010011001000010010010111 2
2A8AFE3B 16
110101110000100110011101100001 2
211A587C 16
66138723 10
557959583 10
2575464046 8
1001010100000011010101000 2
6557037322 8
344512964 10
110000111011011111011010000101 2
421939003 10
101010100101001000011100101110 2
137B058E 16
110000110001011110101110100000 2
639358545 10
7336446556 8
111011111100100111011110101 2
888574391 10
755219577 10
2131623472 8
11100011110010010001011110101 2
111001111000001111011001101111 2
1101111100101000111010000101 2
1F9C2595 16
98763900 10
247571614 8
1707B052 16
173D56D8 16
10100100010110110010101010011 2
105710626 8
659037997 10
173D8000 16
758764623 10
3001432024 8
132315032 10
1E0D1971 16
6BD5C9E 16
6207205673 8
2A95C142 16
110110000100110111110010100100 2
10010011110011001000101001010 2
404776609 10
62060A3 16
5227501766 8
3236226531 8
205381213 10
923207611 10
914905148 10
161469470 10
11D2CDFD 16
1613573371 8
436773325 8
2A93E4FC 16
3023014037 8
2465447E 16
1001366C 16
20F0DD60 16
7015766320 8
100111010000001000011100001101 2
850410242 10
10E0B5F3 16
1111100000010110110001110101 2
100001001010000011111110011 2
110011111110110100011111111010 2
188DA9A2 16
52341211 8
705851560 10
3039A64A 16
236CA6CD 16
100101111111010010010010000110 2
1BCBF0E3 16
100011001000001010010101101101 2
2BD905E9 16
1610740037 8
227220118 10
438784500 10
24E1F13 16
101101011000001111001000101011 2
174FD5D4 16
506227157 10
101011011111001000011100111000 2
318ED8D5 16
101100100111000110101000100110 2
992440109 10
3172663710 8
4640144472 8
2325327162 8
3AF02C1A 16
746267648 10
110100011011001110001111000011 2
3AB2DCC3 16
1561753607 8
1802FA08 16
156C0BF2 16
624070659 10
13B1E563 16
175214368 10
379318726 10
3440403563 8
39865E09 16
5301312110 8
107678568 10
1101111110110100001111101001 2
2F714C8E 16
6455700464 8
2215915A 16
3561071075 8
32F84DC8 16
1100110100110010110001000110 2
852972019 10
1000001001001001100000011111 2
451001798 10
1133313661 8
110111110011101001000001001101 2
5455144441 8
448828516 10
3725565761 8
25354563 10
87130046 10
175F805B 16
10101101011110000011011000101 2
100001101000011001010010100101 2
666751122 10
807233480 10
3172733614 8
217985526 10
520152077 10
1654345374 8
1745C8A2 16
1418564A 16
110000001101010100100101000 2
137859002 10
634879445 10
287524D1 16
DDC0575 16
342450606 10
11101011001101110110000001110 2
10111010001011111101011100 2
2740652770 8
177964B 16
10CBB2D9 16
71199423 10
2333617566 8
1000110010111001011010 2
1165302414 8
850E6EC 16
101001100111100101111100001101 2
603668697 10
101000000000010000001001000001 2
655623140 10
110011010011000100010010 2
6127426045 8
565689981 10
6350722451 8
1814359A 16
1100111111110100010110011 2
336547451 10
3652576465 8
2932F7CA 16
590346106 10
204A4037 16
2660060226 8
3765467753 8
3703702710 8
395656B7 16
139085714 10
6247522523 8
E38BEDC 16
E47A54F 16
794597087 10
101000110001111000110000110101 2
26D9FE86 16
288D37D3 16
110100000010111001011110101010 2
111000001010011101110011001100 2
100110011010101110010011101101 2
30C43154 16
2314157031 8
7224362551 8
100101111010010111001001010111 2
1750145014 8
770488227 10
110000100010110100010101000111 2
355BF9E8 16
261046566 10
7152006752 8
101111001110100100001010001000 2
100101111100100001000001100011 2
6306127115 8
11101010011111001001000100110 2
14032CA3 16
1340430530 8
11B479F7 16
3051136616 8
9D0F026 16
1F09B485 16
773753713 10
10000000110111110000000110001 2
338569913 10
5560377763 8
101001010011010110011111110000 2
313563373 10
10011011000010000100000001101 2
972139610 10
100101011100010101101110001010 2
16B6AA63 16
188424653 10
320117958 10
785213688 10
5574773725 8
1640331440 8
508528732 10
1972D903 16
5650262647 8
5477773446 8
667707938 10
2232405664 8
11101001001001010000001000100 2
177253FB 16
7201432436 8
110001011100100100010010011111 2
1636056643 8
111010100010011011100111100011 2
2EA4E42A 16
136440864 10
14D45CB9 16
101111101111000000000000010010 2
532413268 10
70892205 10
38C83C87 16
1101101011100111011101011 2
54330930 10
38DB26DD 16
773541321 10
3175104310 8
962960 16
5641353213 8
102501280 10
6307024021 8
101100000111011110101100110 2
833359292 10
5570231304 8
1F5D5BD5 16
6504653766 8
3AF136F5 16
5FF4D8E 16
110100010100011011000000010100 2
782538897 10
E745E81 16
179905944 10
110111101111110101101001101001 2
11101100111001110110100011100 2
2DEB95A7 16
188781C3 16
635138034 10
3B61A84B 16
704160614 8
310337061 8
623091894 10
384155900 10
2705500556 8
239001886 10
1225647210 8
424083209 10
946870508 10
11E61872 16
101010101011110101000010111010 2
110110111000101000100101011110 2
6363105206 8
157330317 10
101111110001100011011011111010 2
100100101001000001100000000000 2
352733100 8
4035717157 8
45950064 10
7027031150 8
4D7B92F 16
706147133 8
763366511 8
482447052 10
766547246 8
3203214375 8
110111010111111100100100000111 2
186056417 10
352148047 10
674030725 10
1042626340 8
3404044643 8
304344466 8
585652636 10
1101100010000000111111111111 2
100101011011011101011011000010 2
1643734321 8
11001110010110010011000101100 2
111000111000100011111010100100 2
2341057261 8
1000001011100111101000000 2
31B7E30E 16
5421411760 8
982107428 10
3672DEB9 16
2ACA4F84 16
34099611 16
24384282 16
352369313 10
3620315403 8
21ADA91B 16
10010110101111010100100010100 2
23F274AE 16
69B7BEB 16
394051A8 16
1A7DA128 16
6574312640 8
3986A399 16
383AE1D 16
1CB5A17F 16
105213150 10
9D66B17 16
5156331725 8
21ADF47F 16
3334415223 8
6653017417 8
13B73CCC 16
392046509 10
3D75CE1 16
1ED4AAC 16
1110000000111100101111000 2
3433372053 8
4144519 10
712842795 10
A215610 16
2302156517 8
503845963 10
638504080 10
101111001001111010010000010010 2
35AF3581 16
40018439 10
533251715 10
3026621460 8
C2790F3 16
16A1197A 16
10110000001001011011001100101 2
101011001000001100001111011 2
774330063 10
1111110010101110011010100010 2
1110011101000110010010101011 2
10110001010001111101010100001 2
2CB1F359 16
101100001010011100110111110100 2
926371703 10
757317467 8
1001010000110100100010011101 2
684497791 10
502902399 10
383688896 10
618041666 10
CEFB21C 16
101110010100011100001111111001 2
686589459 10
4570275147 8
22080F79 16
10000000011111000101011101100 2
359B6B2B 16
9593360 16
100100000001100101011100111011 2
7016301045 8
101010110000111011001011001101 2
35D50639 16
2031206503 8
1546514362 8
1CC83642 16
1110101000011111000000011000 2
723626567 10
62F92D6 16
1111110011011110010010110000 2
142296141 10
18AC2EBA 16
110101101010100111110010000111 2
3427173022 8
111011010101010101001010010011 2
2061100574 8
654930503 10
7333272106 8
32551035 10
4343364014 8
476902890 10
20A56DFF 16
708508223 10
10111101000011100001100001100 2
512301798 10
675544135 10
37CC8ECF 16
31A0C991 16
6065457131 8
2B02ED4B 16
3751746465 8
7102003325 8
394861643 10
392428728 10
152926552 10
29F31C38 16
11111100011111100011101101010 2
1101111011111101000110010100 2
7A3CA0F 16
2AEB5A51 16
11000000000010101010000000011 2
2277042331 8
4546430553 8
11101010101011101001010100000 2
430483042 10
EA00BDC 16
884974796 10
11001100100010101101111001110 2
1110001010101100111011000011 2
361546523 8
1100001000111101111001110 2
29985FAE 16
101111101100010000101010001010 2
101101111101011110000011101010 2
1C02FF6 16
100000001111100000011111001100 2
51107456 8
8452338 16
11000110001111011111100011 2
944440873 10
1624476162 8
22AB4055 16
4376302176 8
208EA0BE 16
1110100011111100011001100100 2
1725362670 8
1460242210 8
11011111111001110001101010101 2
110188536 10
5572074242 8
10001000010100001000010001001 2
461255924 10
5703717751 8
5407007761 8
12059DC3 16
11100000010011110111001000000 2
11001100010101011111100100001 2
2001045227 8
690939044 10
15F7043E 16
100000101010110001110000111 2
11000010001111000100101001100 2
991421923 10
494093158 10
2D909F0D 16
5305622422 8
2E394BFD 16
103436645 10
641545243 10
11000000101010100000000101000 2
111000001011000111011000110111 2
101000100001001001100101000111 2
110111011010001110001000000 2
326840336 10
847038382 10
23527138 10
3196A14A 16
196458510 10
27B60B95 16
111001110111000111011010000000 2
101100010111000101001010100011 2
444885425 10
1010101100011111001111110011 2
136432635 10
6345175431 8
1134773767 8
3773134346 8
1055EABC 16
2442614224 8
2075354320 8
3527615555 8
111001111000000010000001110110 2
1001101100011011111100110 2
11100001100111010010010001100 2
2233421374 8
18241756 10
11100100111000010101110101110 2
CAD2328 16
5762505514 8
101101100111111001001110010010 2
101001101011111011011000010110 2
101000000000001111001110101010 2
7326221404 8
166136449 10
30DC4CD1 16
257AF83C 16
5720270717 8
8D7DAE 16
1110111011010001100000000111 2
57DC973 16
2E96E0EF 16
788905250 10
747699605 10
322917F8 16
1FB2C75C 16
110000000010111001111101010001 2
10000001111010100000010011100 2
454281484 10
110101100000111010111100100 2
101111010101001110001001100010 2
100101011010111001110001110000 2
2F7F4C7A 16
3052003252 8
39C308FB 16
110110111101010100101101000 2
32A1333B 16
866227167 10
2354263535 8
1E55D06A 16
11FBC7B7 16
5668D26 16
918848952 10
10001010011110001011010101011 2
110492187 10
1EE896F4 16
256264376 10
524907339 10
22332FA3 16
11110011011011100011001010100 2
780882227 10
110001110011110100000100111010 2
742713746 10
100010000111111100011000010000 2
4710706036 8
383668248 10
111100110000101000000011111 2
499198525 10
3A8C7F26 16
125E6693 16
222768218 10
10100110010101001111101011001 2
2222065266 8
10101101110000011001001110111 2
10100000101011010000100111100 2
110110111011000110001001010101 2
A68807D 16
5271605150 8
101110001110101111000010101111 2
101010111011011111100111110000 2
1101100110000011111110010101 2
100000001111010100101110110011 2
1C143BD0 16
1E6E5024 16
2560075120 8
1010110001011011000001010100 2
1111101101111010101000000001 2
7312353770 8
10110011100011001110111101011 2
1010101111110111010010000 2
37A731E5 16
775302530 10
178665659 10
3372315174 8
100111100101110010110011111100 2
101001000001111000110000110101 2
576702740 10
110110110010011111011111001111 2
948931388 10
100101101011101100110110001110 2
179490221 10
35B9AC4A 16
10000000111010100100110011111 2
316089948 10
2115075104 8
11000001101000000011100100100 2
599EA00 16
1322135306 8
6631317544 8
11010000000100110010001001101 2
2723515121 8
122463986 10
2B99C691 16
1371137371 8
5331895 16
100011100110010011100011110010 2
110101110111100010101011110101 2
620475095 10
457315582 10
100000100101011111011101001111 2
5031736426 8
820681745 10
110111010111000010100000100001 2
31294183 16
64216838 10
754512159 10
5047070165 8
3103277342 8
3544647331 8
12D3B38C 16
2FB651EB 16
401004847 10
36E0D357 16
748206822 10
3326120002 8
6616561477 8
365441810 10
854EFEF 16
323C3190 16
5244154153 8
3257044121 8
111100010000110101001011100 2
2651543771 8
993527339 10
6517201302 8
1001000110101100110010001101 2
4560601553 8
101101010010010010001011101001 2
110010001101101010011111000011 2
110111001001011111010000011101 2
56656961 10
323898640 10
3456542246 8
7121720127 8
4527717233 8
111000100010100000001011011111 2
6544702527 8
14F9F8EC 16
412050111 8
BCAAA16 16
100001011101010111010000110110 2
100001001010010011111010110010 2
257EEBC7 16
100011111011010100011001010011 2
10110100101101100111111110000 2
39ABA863 16
5701756570 8
2C19D717 16
731003803 10
246889865 10
31CE4C71 16
1313563723 8
382E6B74 16
2B9248D 16
111001001111110001101000001101 2
4733612117 8
30D1A8EA 16
5572113633 8
100001001000111110000000011001 2
4651541307 8
1260037671 8
2320173225 8
1C709082 16
B6BD4BD 16
10000100111000111011110001011 2
10111110010101000110100001000 2
6433235061 8
6743426607 8
734106131 8
100011001000010010001000000101 2
111000110101110011110010111000 2
1010101101101100011101001101 2
101011110101101100100100101 2
41B0B38 16
3021071434 8
1C8806C7 16
4A1FF06 16
A3363A4 16
3347101445 8
29AA3DFB 16
376396234 10
158E95A3 16
571918390 10
1E594446 16
94433548 10
101000111101011000100100100011 2
808179641 10
11011100011101001100000101011 2
989651 16
2083B17 16
3818F084 16
6475674651 8
11011001000010011010111101000 2
1010110111111011010111001 2
25E79FD6 16
3336126026 8
978853411 10
3063234526 8
1101000011001010001101110111 2
959712793 10
1015036232 8
257D0A90 16
1464403256 8
101000011100001110011000000001 2
1000010011101101001010111011 2
688714917 10
3382B3AE 16
4203450167 8
669034120 10
866659103 10
654831776 10
506528194 10
670712737 8
110111010101010110101111111011 2
111001001000010000001101001000 2
736820757 10
1145024547 8
155666627 8
5300136527 8
1771043377 8
1465323237 8
142374140 10
208844757 10
5674605241 8
1632611346 8
101011100111001100111111001001 2
1692634 16
29C9DF7E 16
1632BBD8 16
10000001010101011010000010110 2
380186F5 16
29396360 10
203205435 8
13367465 8
101100111010100101110100001110 2
3105741021 8
84535534 10
5017211240 8
2D48BF41 16
4615415370 8
702085197 10
1016667330 8
43062053 8
1011001101011010011111110000 2
578421553 10
570420136 10
141836861 10
11110101100110010011101111010 2
101101111010100011110010010000 2
35B3589C 16
173CE59C 16
28BAC172 16
101011100001110011111000101101 2
2657064351 8
16AD3B62 16
784976156 10
4575735230 8
101001000001011111101010010111 2
3326052163 8
571063775 10
127352292 10
99026B2 16
11100001001110000101110000101 2
276375726 8
126284969 10
2443466125 8
3624430317 8
52271422 8
974526560 10
1454724107 8
558660112 10
427812076 10
111000111100101111010001101001 2
39465707 10
101011101101001110111001110100 2
111010011000110010111111001100 2
908078347 10
29AE4951 16
111011000111111001001000010111 2
6232637455 8
5701637177 8
5041069 10
950395460 10
2555574243 8
6102651202 8
10001000010000001101111100111 2
111010100001100101110000011110 2
11110010001000101101101111101 2
866798153 10
2955449F 16
3776364457 8
87306253 10
599170122 10
928481806 10
330872553 10
361003060 10
28996260 16
10110110000010100001001111110 2
327330753 8
4360477004 8
101011000000110011100101001111 2
473031045 8
1351615435 8
2BF0BE6 16
111010011111011101010010101100 2
468467581 10
101110000110001011010110001100 2
10100110011011001010110000001 2
3622432177 8
100111111100100011100001000 2