530754
267968
761150
286674
14032
51270
316956
282920
691832
567174
159440
352067
54418
86944
678301
465153
133265
288490
142176
595790
327020
607677
567869
103192
549513
286804
984488
540976
608025
488030
648196
35513
353658
477916
315547
953595
170754
524739
98373
283694
70050
491220
148415
954474
823024
665726
422928
477168
207367
580622
173823
843388
457719
654150
65667
359736
19877
894296
708293
329683
945985
512578
607271
259031
606080
463145
327078
412867
22300
209903
329637
12163
499472
207817
954180
983723
751765
243480
649325
698377
141014
72843
882039
221836
557215
748656
27223
124147
723999
206667
503814
252188
254588
58864
99120
604860
591242
977399
585869
661815
679189
286363
405129
44574
54359
923790
879853
527025
593453
959037
979169
368976
894440
111499
578275
597058
81123
242685
148882
690478
114989
946403
858108
416696
64875
603625
674361
431254
226000
992672
241476
511490
963675
437259
528525
734542
567110
51632
76636
231610
408837
871115
424355
559403
891665
669620
482982
155517
594652
930767
72679
344025
541429
478331
419850
755504
163146
582368
315455
927995
671225
727882
856251
796967
140462
17415
651082
846590
950382
830887
142773
726359
198966
824753
631329
639926
390841
466731
529364
549413
641522
620652
334470
709801
405145
348289
678603
289583
186187
570978
408176
148192
194996
444980
128042
620286
47170
396960
155242
966367
404825
968127
746647
614407
512054
424737
731395
329398
207131
245658
781897
279074
388942
967344
372755
249596
764753
85899
471931
736301
922896
976122
652370
42443
315331
807227
577147
541074
130887
499410
679047
872919
159128
609257
870614
571079
237303
235713
118423
566133
626671
458210
36819
243865
666295
555872
522544
479690
648792
586912
21975
39988
822340
917516
698064
48774
776503
278655
21288
228629
825746
685375
447923
244418
172264
379089
375900
620437
141270
740159
285966
627770
995947
236494
486114
826519
483230
148460
784009
518345
315342
816587
136437
351966
169637
744130
522862
31364
313613
567090
988096
574689
490237
354619
415627
531352
326644
881503
266173
468255